[Variables]
ercf_calib_0 = 1.0
ercf_calib_1 = 0.928918954404
ercf_calib_10 = 0.93670863117
ercf_calib_11 = 0.925072499106
ercf_calib_2 = 0.958819779116
ercf_calib_3 = 0.941643871587
ercf_calib_4 = 0.970271481147
ercf_calib_5 = 0.939663547988
ercf_calib_6 = 893.620034136
ercf_calib_7 = 0.926031123457
ercf_calib_8 = 0.935727784436
ercf_calib_9 = 0.92316119229
ercf_calib_ref = 1113.6164835

