[Variables]
ercf_calib_0 = 1.0
ercf_calib_1 = 0.921997054594
ercf_calib_10 = 0.938786075315
ercf_calib_11 = 0.940212801874
ercf_calib_2 = 0.952517357402
ercf_calib_3 = 0.953251192038
ercf_calib_4 = 0.938074334546
ercf_calib_5 = 0.942361041329
ercf_calib_6 = 0.983561245839
ercf_calib_7 = 0.927526272313
ercf_calib_8 = 0.945240677819
ercf_calib_9 = 0.933826450767
ercf_calib_ref = 1100.3426985

