[Variables]
ercf_calib_0 = 1.0
ercf_calib_1 = 0.928918954404
ercf_calib_2 = 0.932797530414
ercf_calib_3 = 0.927954344897
ercf_calib_ref = 1101.9784275

