[Variables]
ercf_calib_0 = 1.0
ercf_calib_1 = 0.924062768682
ercf_calib_10 = 0.949649345522
ercf_calib_11 = 0.925072499106
ercf_calib_2 = 0.971971757475
ercf_calib_3 = 4.35676072981
ercf_calib_4 = 1.90650238408
ercf_calib_5 = 1.91832565468
ercf_calib_6 = 3.29952012604
ercf_calib_7 = 3.29952012604
ercf_calib_8 = 4.91000018756
ercf_calib_9 = 0.928918954404
ercf_calib_ref = 1099.796292

